,first_response_time,followers,prev_pullreqs,prior_review_num,social_strength,asserts_per_kloc,integrator_availability,open_pr_num,perc_external_contribs,project_age,requester_succ_rate,sloc,team_size,test_cases_per_kloc,test_lines_per_kloc,ci_latency,description_length,num_code_comments,num_code_comments_con,num_comments,num_comments_con,num_participants,part_num_code,churn_addition_open,churn_deletion_open,commits_on_files_touched_open,files_changed_open,num_commits_open,src_churn_open,test_churn_open,churn_addition_close,churn_deletion_close,commits_on_files_touched_close,files_changed_close,num_commits_close,src_churn_close,test_churn_close,churn_addition_change,churn_deletion_change,commits_on_files_touched_change,files_changed_change,num_commits_change,src_churn_change,test_churn_change,lifetime_minutes
first_response_time,1.0,-0.052485139440009806,-0.08866284022766016,-0.06838512740798149,-0.021756819865612172,-0.023096970685916162,0.13553720688448975,-0.07342652120334843,0.05775601223038061,0.03779574131412375,-0.0274488933149373,-0.09102379358016839,-0.15364619727169793,0.01825065679059132,-0.025043772410764907,0.04822305974753871,0.04760448944009392,0.07853070357481723,0.06339944758964901,0.0008729717293471831,0.09460705521502269,-0.07572725277721254,0.07313597309396863,0.11119817288630489,0.06534806512099788,-0.03692789767751704,0.07621083274744456,0.08534938985099644,0.10286025986045697,0.036998856753415334,0.13304128263687334,0.10292378512250817,-0.023513547401447597,0.1069900871146109,0.14736716184637888,0.12384898797375152,0.057678106988446165,0.13513738955172067,0.13083008141980595,0.07258986701501205,0.12481337632801384,0.14467355279100316,0.1321323840964671,0.07779462886595383,0.4184226677073899
followers,-0.052485139440009806,1.0,0.19662560113062733,0.11410654974294966,0.23977253606157498,0.1219950788454483,-0.01998077224868325,0.07871207350360018,0.006676282862379178,0.04633857502263324,-0.011752755723130509,-0.026291482235611802,0.013173274256911732,0.04416408341441315,0.14093422173852702,0.20119574751537148,0.09510437645232421,0.008008560548265825,0.034973953712988386,0.07662155719643239,0.09302877337980812,0.08337225256184443,0.011849153980345896,-0.018875166922707524,0.002388116080130118,0.0251241236270812,-0.023726909629385097,-0.010952274966708734,-0.020646094447816062,0.051588347257791344,-0.018902093391874906,-0.0037511804670389854,0.029682166290245973,-0.023431975504214622,-0.025031976129083863,-0.021360248115370767,0.0531462322790184,-0.010489998483586754,-0.014513578143078696,0.02084464205065099,-0.0018695147564087512,-0.017309534181960663,-0.013737604185473151,0.01660444044523765,0.011829615368278902
prev_pullreqs,-0.08866284022766016,0.19662560113062733,1.0,0.496099853858085,0.4317133973619835,0.06214592206551831,-0.23615602844155592,0.2686218471530169,-0.30075202553937996,0.15165350061199084,0.11112083261233158,0.2725983640825441,0.2208870032242225,0.05461962756489936,0.03855308518554741,0.10852022793178026,-0.04259195203618226,-0.029469119051136892,-0.004103617295632896,-0.11910306804702418,-0.04038875775490061,-0.1240212968690063,-0.027633843805542707,0.03337942014670837,0.08639544973939091,0.19644588689425474,0.10428064845972335,0.03827506611558443,0.03617618539051452,0.05106180356949657,0.021235809271008554,0.06071296325183036,0.19070607229371328,0.09005774893133077,-0.0021281226215960135,0.02411227130343527,0.041618193497095904,-0.0402948594182652,-0.03463593735066051,0.011748626441303277,-0.01670499575795985,-0.043054210676575194,-0.04053212653288606,-0.011119027319923803,-0.1763315780524218
prior_review_num,-0.06838512740798149,0.11410654974294966,0.496099853858085,1.0,0.05403209717462701,0.0728998745444873,-0.17467871797106735,0.48371636876901863,-0.0071030138788203126,0.3358306209663608,-0.07590371434553077,0.34992915263163465,0.2811696433720565,0.04287565561308609,0.04180003060579948,0.19135174199636784,0.07125415381745707,0.028807865518108888,0.034006218238772506,0.04571940470559929,0.024663119935056124,0.04773691077968793,0.03058062183624691,-0.02930130173219106,-0.0045512395121318746,0.06673285321991879,-0.024901352870895795,-0.016873498517602226,-0.029574523553680065,-0.0004023658131024064,-0.034999178858015394,-0.011872466146146636,0.06713847103960073,-0.03047332394716816,-0.01766924069950227,-0.035413813191737684,-0.0017807118710527453,-0.009712155408482172,-0.008585726461108965,0.006879738917131435,-0.01444555300478803,-0.00487174240260847,-0.01228832295814406,0.0015014781719371328,0.041433245726963344
social_strength,-0.021756819865612172,0.23977253606157498,0.4317133973619835,0.05403209717462701,1.0,0.012680510263394777,-0.13485203233541077,-0.09504264071253031,-0.2838965313233205,-0.22264244776590159,0.19824775289906826,9.652143544932748e-05,0.02123310439762991,0.0012397502656245178,0.009925814673180629,0.11786992385615455,-0.02760905788794625,0.07298324966141449,0.08366793944060093,0.01911242630968491,0.06364277319395568,0.013864410008419589,0.07404268618720464,0.14195143893440804,0.158482450801649,0.215398768911592,0.15757899293210761,0.10266979906885051,0.14056799310846102,0.09678337547756663,0.14151787369929966,0.15708129257618142,0.22033640184465964,0.15934353282283775,0.10423933326397213,0.14053562251777849,0.09920149133629177,0.06713885064723653,0.06944394150669629,0.07793418562743203,0.06246788940612288,0.06180234253559136,0.06609288179372619,0.04780460262572113,-0.11117223596025162
asserts_per_kloc,-0.023096970685916162,0.1219950788454483,0.06214592206551831,0.0728998745444873,0.012680510263394777,1.0,-0.06566645052762123,0.2119896283742443,-0.05561200414170277,0.19218966405656832,-0.06146296312190899,0.010813341677345224,0.17055514690844506,0.7595135112675836,0.817017523431368,0.30488404145483394,0.10974911409138619,0.08752886357351965,0.07984673160249034,0.13887593648294552,0.10693398764942735,0.14358331760538462,0.08854292240460526,0.052836165513939645,0.048827303497093986,-0.0120521144078431,0.021925603596740704,0.026772223755906828,-0.011202830265052506,0.2839537972630206,0.06133719773884485,0.058157038182031114,-0.0035157223979539313,0.03277512744343099,0.042837033795293064,-0.006132308372068167,0.3044797302829116,0.06149894625512117,0.05794576723031796,0.04466452163429798,0.04155735941919103,0.04685880128394409,0.03224692253068309,0.16893730985182612,0.10088298073269358
integrator_availability,0.13553720688448975,-0.01998077224868325,-0.23615602844155592,-0.17467871797106735,-0.13485203233541077,-0.06566645052762123,1.0,-0.2711871306874872,0.15223339669002367,-0.06073450753666495,-0.023071597806760123,-0.25000340344670413,-0.36236713836494916,-0.06165767250806622,-0.05666124942424475,-0.09096772612805866,-0.021687848897722104,-0.053360003563297315,-0.045814682556521755,-0.05127078157317021,-0.04375985173267567,-0.054513168734649585,-0.05515631994873389,-0.035228852215305306,-0.04788449849072679,-0.09626769145487411,-0.03570488097752193,-0.029639684848632053,-0.030344460309366626,-0.035165656144651586,-0.03660461769095277,-0.04858579691337999,-0.1019037392915764,-0.03804477112264853,-0.030017358432746298,-0.031571334745502694,-0.036338295548839224,-0.017584652201564816,-0.01881620196765684,-0.028163543809349115,-0.013025785684910602,-0.015899484575603567,-0.015292464598460995,-0.01627792024555345,0.07449745026522453
open_pr_num,-0.07342652120334843,0.07871207350360018,0.2686218471530169,0.48371636876901863,-0.09504264071253031,0.2119896283742443,-0.2711871306874872,1.0,0.09915127129027046,0.5053245003379881,-0.18347683015234145,0.5403164916454065,0.6970320735004932,0.16183834515568776,0.1809529230675395,0.2868932670953859,0.23378248584368788,0.13815861129441037,0.1228012590350894,0.26263658574557486,0.21588627597447396,0.27228086911893695,0.14202134049152457,0.003259513289381228,0.005422135483019864,-0.04670918998658858,-0.044806888269365186,0.01062258240873987,-0.015901451666384625,0.059147374652086596,0.005031623959592222,0.013182795709091134,-0.042788932145533955,-0.04187150953406704,0.03101133702492875,-0.014954793638543558,0.06497573970241026,0.04152286769777622,0.04066299599783534,0.014083705240342108,0.012791496325182658,0.044047966966195715,0.03244338675387066,0.049220706842006544,0.24798579147753125
perc_external_contribs,0.05775601223038061,0.006676282862379178,-0.30075202553937996,-0.0071030138788203126,-0.2838965313233205,-0.05561200414170277,0.15223339669002367,0.09915127129027046,1.0,0.09750175402378686,-0.06429110453904578,-0.06276893607449129,-0.0991425105162728,-0.053139614080425016,-0.05752228679701719,-0.025065571946574338,0.07023216525333302,-0.032346988212499025,-0.03144072231837916,0.04159228700815151,0.02104906072694574,0.04618535751372151,-0.032249397042507504,-0.08207138585151112,-0.10157800309223063,-0.17171048958571322,-0.11994965704209061,-0.07821948694601794,-0.08238413933850046,-0.06263454415307804,-0.0786134670508682,-0.09063994683470182,-0.17169030679057762,-0.11648941083262349,-0.04580707039139672,-0.07856909232737068,-0.06104822114039768,-0.0028579244980834312,-0.003675800061781694,-0.035284786503439934,-0.019366520184902748,0.008832347670061304,-0.0031075737990254333,-0.011371119495807859,0.12698743539720916
project_age,0.03779574131412375,0.04633857502263324,0.15165350061199084,0.3358306209663608,-0.22264244776590159,0.19218966405656832,-0.06073450753666495,0.5053245003379881,0.09750175402378686,1.0,-0.1299380621269692,0.3090797446396609,0.2269096978343696,0.182791601746102,0.1533668380227184,0.221454822780226,0.1333266600473036,0.0381059835712822,0.03610364539591646,0.08772147261394106,0.07700805930822681,0.0899019559683047,0.03998350076613907,-0.018564665876486305,-0.008778279892720564,-0.16095336454461368,-0.0447963105986377,-0.00310130434244993,-0.035924201110061185,0.046218365946902505,-0.024696957991597355,-0.013909993588501476,-0.1731390027498078,-0.05273974569251719,-0.005062743668403986,-0.042864427882631874,0.04718431593207517,-0.0037091234189578796,-0.003932955615685779,-0.04046931870365763,-0.022567946280964514,-0.002492860220572316,-0.011984748891890338,0.021807836006395364,0.154892513613901
requester_succ_rate,-0.0274488933149373,-0.011752755723130509,0.11112083261233158,-0.07590371434553077,0.19824775289906826,-0.06146296312190899,-0.023071597806760123,-0.18347683015234145,-0.06429110453904578,-0.1299380621269692,1.0,-0.025427430223294235,-0.013669202672067888,-0.03766770683990414,-0.05826077940312366,-0.05447984416132615,-0.06769063600845394,-0.011810381363371791,-0.0066003569909090145,-0.09171671761422003,-0.05090454383725548,-0.09747700971207257,-0.012492832520059564,0.028226558281617218,0.03688732504912296,0.08603621795046021,0.06531123417991663,0.034358946626381774,0.029586748862960786,0.007045652409492608,0.026875067150412473,0.03318834519209891,0.08579686553960021,0.06270611333537839,0.021064683868248238,0.028789192040279403,0.0025269442072667833,-0.006114320031419164,-0.00267971642311289,0.006706649881731262,0.001701007545126657,-0.005695545176496941,-0.0035818972988930654,-0.00969436355569324,-0.1324170632089374
sloc,-0.09102379358016839,-0.026291482235611802,0.2725983640825441,0.34992915263163465,9.652143544932748e-05,0.010813341677345224,-0.25000340344670413,0.5403164916454065,-0.06276893607449129,0.3090797446396609,-0.025427430223294235,1.0,0.5388920251282577,-0.04286745660444941,-0.07890866038044518,0.07602256395858235,0.11017186979581728,0.08703786296944137,0.07890666711866763,0.1448983999492453,0.12091076228116313,0.14867816394011807,0.08877899037119057,0.15499202164818557,0.15188241431004243,0.02175161703467176,0.07662861626991781,0.03128697743764417,0.15496406400364435,0.07296934825504676,0.1587665633264584,0.15721260281943747,0.028601359154522457,0.08005309635651724,0.035892430828317244,0.1584406476778022,0.07602635503017725,0.05508903040322123,0.0548027589498287,0.026159430014888675,0.020536343363059952,0.023335938373894152,0.054897559147208806,0.034760378566737415,0.0777730029739317
team_size,-0.15364619727169793,0.013173274256911732,0.2208870032242225,0.2811696433720565,0.02123310439762991,0.17055514690844506,-0.36236713836494916,0.6970320735004932,-0.0991425105162728,0.2269096978343696,-0.013669202672067888,0.5388920251282577,1.0,0.12396588968504459,0.1560931348094419,0.18299217707247484,0.18652823149868705,0.1721178387740684,0.14992269722376073,0.24855193642332593,0.20184581535470297,0.2598055110905524,0.1762913549229467,0.047308248983603994,0.05149589195271622,0.07817853441453823,0.011539927435626146,0.029429172693219496,0.028301373472142666,0.07923915854605328,0.05167868563044198,0.06090925638087823,0.08808313873374311,0.017485959685497758,0.0458263834778138,0.03207785433935505,0.08378755608574447,0.05207763382296355,0.05264128521906272,0.04062864296071915,0.02636887946761072,0.04766704606870429,0.044705148421335154,0.05189349272242199,0.11774086846900635
test_cases_per_kloc,0.01825065679059132,0.04416408341441315,0.05461962756489936,0.04287565561308609,0.0012397502656245178,0.7595135112675836,-0.06165767250806622,0.16183834515568776,-0.053139614080425016,0.182791601746102,-0.03766770683990414,-0.04286745660444941,0.12396588968504459,1.0,0.68339800554842,0.28157773005086867,0.09048607767014115,0.04445592329348334,0.036099530418381306,0.07639755025178671,0.05256471855112313,0.07921778951038128,0.04458799410539714,0.017118102117484643,0.01606780039372692,-0.01008517770819041,0.015645815071158285,0.02363228671781516,-0.03730624387147117,0.21196730752198462,0.022546246074624486,0.020865246859946517,-0.004534951091345703,0.022667106761369644,0.029371973274132733,-0.035119433726271895,0.22674390901019936,0.03257890944852561,0.03001545814083956,0.027949013168393134,0.028484807763931558,0.027051076238005557,0.008156574086948401,0.11981412495076231,0.06751012075426176
test_lines_per_kloc,-0.025043772410764907,0.14093422173852702,0.03855308518554741,0.04180003060579948,0.009925814673180629,0.817017523431368,-0.05666124942424475,0.1809529230675395,-0.05752228679701719,0.1533668380227184,-0.05826077940312366,-0.07890866038044518,0.1560931348094419,0.68339800554842,1.0,0.2925645215320073,0.11529234458179938,0.09313804399393,0.08478976575514545,0.14405233024288916,0.10895788823655994,0.14716902445680322,0.09417257776288876,0.052585117169056506,0.04452587044878898,-0.013155795799033159,0.026719050400248082,0.024990846878425076,-0.029737810084004505,0.31626613816337096,0.05897480012221869,0.050924534143264005,-0.007826796136015906,0.03357511010204897,0.033631715888274856,-0.026820885983715344,0.3321035419933176,0.04998228262914733,0.04632301506285555,0.03255556858984388,0.03290812220816951,0.034271740098816304,0.015831312360647165,0.17152216175723997,0.09880311016695822
ci_latency,0.04822305974753871,0.20119574751537148,0.10852022793178026,0.19135174199636784,0.11786992385615455,0.30488404145483394,-0.09096772612805866,0.2868932670953859,-0.025065571946574338,0.221454822780226,-0.05447984416132615,0.07602256395858235,0.18299217707247484,0.28157773005086867,0.2925645215320073,1.0,0.18274560352140656,0.13275712209842702,0.1128683668052954,0.218919700649345,0.1696682687940565,0.22388970148235318,0.13407091687119865,0.047260421995703454,0.04026392747830918,0.03298362194225998,0.02803300633614085,0.05789288147835662,0.021873371409355843,0.13713218574778613,0.045880742243804604,0.048012569034280896,0.0324581623019641,0.027775186525199908,0.07887550041783445,0.019011771739365448,0.15064046927011812,0.07897180827523965,0.07706970757047851,0.05125087189451371,0.05172163505339281,0.08236890315312599,0.06419874153729455,0.10491428945338405,0.2498743316616856
description_length,0.04760448944009392,0.09510437645232421,-0.04259195203618226,0.07125415381745707,-0.02760905788794625,0.10974911409138619,-0.021687848897722104,0.23378248584368788,0.07023216525333302,0.1333266600473036,-0.06769063600845394,0.11017186979581728,0.18652823149868705,0.09048607767014115,0.11529234458179938,0.18274560352140656,1.0,0.17568187311217925,0.17185964097044557,0.3134666575635209,0.28753890299233653,0.3155269280972724,0.17720962995931602,0.08032458018310033,0.0537470652377141,0.003089833921067049,0.017002236618004,0.04641087137794584,0.06332775291772687,0.08287365316333822,0.09361444586197681,0.07826868845773907,0.0147545382019398,0.029769922048984487,0.09168327053987217,0.07544478290959289,0.10031173469366508,0.1308704650043256,0.12613039364104356,0.06837586006190917,0.08372635522679192,0.12162463008998502,0.12443758447337662,0.09922311947718183,0.32005662284473707
num_code_comments,0.07853070357481723,0.008008560548265825,-0.029469119051136892,0.028807865518108888,0.07298324966141449,0.08752886357351965,-0.053360003563297315,0.13815861129441037,-0.032346988212499025,0.0381059835712822,-0.011810381363371791,0.08703786296944137,0.1721178387740684,0.04445592329348334,0.09313804399393,0.13275712209842702,0.17568187311217925,1.0,0.8134335804655404,0.6299684879256976,0.5773601676066269,0.5746279748211045,0.995401871106187,0.3069993694694837,0.207192549683552,0.07830652531011173,0.21940436579478298,0.23441231148753658,0.27311157387500584,0.20490843873197745,0.34823804216967513,0.3051567341326275,0.10914091832896244,0.27101304357222555,0.414240176250703,0.31587997381015603,0.24929144454950686,0.42853255982059196,0.4323876618595351,0.20637132524323407,0.3057771449346306,0.43276420374240115,0.4197126585309234,0.3001464552552731,0.3340507772848051
num_code_comments_con,0.06339944758964901,0.034973953712988386,-0.004103617295632896,0.034006218238772506,0.08366793944060093,0.07984673160249034,-0.045814682556521755,0.1228012590350894,-0.03144072231837916,0.03610364539591646,-0.0066003569909090145,0.07890666711866763,0.14992269722376073,0.036099530418381306,0.08478976575514545,0.1128683668052954,0.17185964097044557,0.8134335804655404,1.0,0.5325676583110515,0.61594859829862,0.49284416135955467,0.8245179573297339,0.26089224288033314,0.18378463600692946,0.07666763475527882,0.1911795965457121,0.2020621923122453,0.23361291120681604,0.18379736862216892,0.2953594148662375,0.2639675741336977,0.10329376015044334,0.2343961532583264,0.3440192745379819,0.26922058159900614,0.2234205594870291,0.358309565141502,0.36067238377112093,0.18472888942626983,0.2645469492685305,0.35676860449869896,0.3509566629395363,0.26927810102288324,0.2769294410176455
num_comments,0.0008729717293471831,0.07662155719643239,-0.11910306804702418,0.04571940470559929,0.01911242630968491,0.13887593648294552,-0.05127078157317021,0.26263658574557486,0.04159228700815151,0.08772147261394106,-0.09171671761422003,0.1448983999492453,0.24855193642332593,0.07639755025178671,0.14405233024288916,0.218919700649345,0.3134666575635209,0.6299684879256976,0.5325676583110515,1.0,0.7981655658329975,0.9724138620133668,0.624215938306732,0.2324196514048,0.14818205682830995,0.006764986229832611,0.13295749190289377,0.18529135709326808,0.20094861040424455,0.17693066880294295,0.2779933285208892,0.23810806972754728,0.04204991218239796,0.19154340744118542,0.3513676928056391,0.24555833997905283,0.2243857597432685,0.37731950539025577,0.3712596833556181,0.1986212443261334,0.2844940034014156,0.38437229746488827,0.36353843860910334,0.266761914943294,0.5049767996000428
num_comments_con,0.09460705521502269,0.09302877337980812,-0.04038875775490061,0.024663119935056124,0.06364277319395568,0.10693398764942735,-0.04375985173267567,0.21588627597447396,0.02104906072694574,0.07700805930822681,-0.05090454383725548,0.12091076228116313,0.20184581535470297,0.05256471855112313,0.10895788823655994,0.1696682687940565,0.28753890299233653,0.5773601676066269,0.61594859829862,0.7981655658329975,1.0,0.7790553807306076,0.5794008683302675,0.2265848346096677,0.14833130954202425,0.028088654204350673,0.14782078696956288,0.19673563805629718,0.1989965068286287,0.16680198027356222,0.2727957683330759,0.23640670808579456,0.06268781504322352,0.2072374611542187,0.35558390550815144,0.24410328097284023,0.21520562871092158,0.36474541135865585,0.35770220307593,0.1996581022600661,0.2834809653091055,0.3725508960089818,0.35194869373575555,0.2619985120740789,0.4315414930960528
num_participants,-0.07572725277721254,0.08337225256184443,-0.1240212968690063,0.04773691077968793,0.013864410008419589,0.14358331760538462,-0.054513168734649585,0.27228086911893695,0.04618535751372151,0.0899019559683047,-0.09747700971207257,0.14867816394011807,0.2598055110905524,0.07921778951038128,0.14716902445680322,0.22388970148235318,0.3155269280972724,0.5746279748211045,0.49284416135955467,0.9724138620133668,0.7790553807306076,1.0,0.5793257706219563,0.20246181401464908,0.12670455573574418,-0.003696654453609904,0.10520250365253458,0.16033829305425037,0.1731830940683955,0.15988861133471222,0.24399245181557236,0.20760429284943469,0.0289339915387035,0.1586377769033089,0.31342588926577025,0.2135981590410182,0.2030287855618241,0.3387510477194976,0.3320408464430415,0.17706699460008926,0.2505527778720283,0.34705898038289806,0.3253924203798,0.23693766973094152,0.4942160438783642
part_num_code,0.07313597309396863,0.011849153980345896,-0.027633843805542707,0.03058062183624691,0.07404268618720464,0.08854292240460526,-0.05515631994873389,0.14202134049152457,-0.032249397042507504,0.03998350076613907,-0.012492832520059564,0.08877899037119057,0.1762913549229467,0.04458799410539714,0.09417257776288876,0.13407091687119865,0.17720962995931602,0.995401871106187,0.8245179573297339,0.624215938306732,0.5794008683302675,0.5793257706219563,1.0,0.29851935598388213,0.20130813862178878,0.07593744055223839,0.2111431122009903,0.22919224709365638,0.2649113246616383,0.19998165637733403,0.3390975459511994,0.29705014956170667,0.1062088809543164,0.2618446653653593,0.40755329773838256,0.3069718650839376,0.24343643383281668,0.4201183106670519,0.42369699476654565,0.20141136570273177,0.2966563407487198,0.42582200052044994,0.4111525504523157,0.2919890891890175,0.33157690862963757
churn_addition_open,0.11119817288630489,-0.018875166922707524,0.03337942014670837,-0.02930130173219106,0.14195143893440804,0.052836165513939645,-0.035228852215305306,0.003259513289381228,-0.08207138585151112,-0.018564665876486305,0.028226558281617218,0.15499202164818557,0.047308248983603994,0.017118102117484643,0.052585117169056506,0.047260421995703454,0.08032458018310033,0.3069993694694837,0.26089224288033314,0.2324196514048,0.2265848346096677,0.20246181401464908,0.29851935598388213,1.0,0.740859744927878,0.23542030956667,0.6584590043416582,0.4959840925496279,0.9009981110593731,0.5032057039348116,0.9569479508182174,0.7524341149968692,0.21217317862630644,0.6294017290081826,0.49015488539398117,0.8654270994506863,0.49468360959324503,0.31999447228913047,0.3248691801441949,0.08423465767711101,0.18970612617366833,0.23799199906922971,0.31117064276091577,0.23242381368994974,0.17104182417809313
churn_deletion_open,0.06534806512099788,0.002388116080130118,0.08639544973939091,-0.0045512395121318746,0.158482450801649,0.048827303497093986,-0.04788449849072679,0.005422135483019864,-0.10157800309223063,-0.008778279892720564,0.03688732504912296,0.15188241431004243,0.05149589195271622,0.01606780039372692,0.04452587044878898,0.04026392747830918,0.0537470652377141,0.207192549683552,0.18378463600692946,0.14818205682830995,0.14833130954202425,0.12670455573574418,0.20130813862178878,0.740859744927878,1.0,0.2897133563800011,0.5881763706210399,0.46374507031483814,0.7866024129101532,0.404936509172265,0.7056143264260143,0.9186413443446739,0.25917371257230615,0.5479451579361447,0.41360198099383827,0.7478331888658586,0.3957752128399207,0.22761339594107863,0.24544581410629052,0.06343116766576096,0.11155743806624373,0.16087668931091367,0.22602111926218377,0.17254592324633544,0.0894507114659353
commits_on_files_touched_open,-0.03692789767751704,0.0251241236270812,0.19644588689425474,0.06673285321991879,0.215398768911592,-0.0120521144078431,-0.09626769145487411,-0.04670918998658858,-0.17171048958571322,-0.16095336454461368,0.08603621795046021,0.02175161703467176,0.07817853441453823,-0.01008517770819041,-0.013155795799033159,0.03298362194225998,0.003089833921067049,0.07830652531011173,0.07666763475527882,0.006764986229832611,0.028088654204350673,-0.003696654453609904,0.07593744055223839,0.23542030956667,0.2897133563800011,1.0,0.38957189897438,0.271947275259953,0.25333651447015665,0.13944191990976812,0.20468593500217316,0.25084014408652805,0.9384475351846375,0.3340445491631472,0.21538179887909728,0.22299246038007853,0.1271200123985052,0.05957527573446707,0.07031976290290612,0.04936595011710218,0.015766558442214355,0.05224012487847092,0.06386995723590562,0.055523165714091736,-0.08323776051019001
files_changed_open,0.07621083274744456,-0.023726909629385097,0.10428064845972335,-0.024901352870895795,0.15757899293210761,0.021925603596740704,-0.03570488097752193,-0.044806888269365186,-0.11994965704209061,-0.0447963105986377,0.06531123417991663,0.07662861626991781,0.011539927435626146,0.015645815071158285,0.026719050400248082,0.02803300633614085,0.017002236618004,0.21940436579478298,0.1911795965457121,0.13295749190289377,0.14782078696956288,0.10520250365253458,0.2111431122009903,0.6584590043416582,0.5881763706210399,0.38957189897438,1.0,0.5409109928457211,0.6411746937069657,0.4432026822996311,0.6184648967918904,0.5683840771721647,0.34535766749516333,0.9277898125721987,0.48526599459161657,0.6035233873309913,0.41926058763815066,0.19279964131981803,0.20370298425979583,0.05586094470643431,0.16334589518837475,0.17867871194654322,0.19360246441439832,0.17017424219415703,0.07656558049260423
num_commits_open,0.08534938985099644,-0.010952274966708734,0.03827506611558443,-0.016873498517602226,0.10266979906885051,0.026772223755906828,-0.029639684848632053,0.01062258240873987,-0.07821948694601794,-0.00310130434244993,0.034358946626381774,0.03128697743764417,0.029429172693219496,0.02363228671781516,0.024990846878425076,0.05789288147835662,0.04641087137794584,0.23441231148753658,0.2020621923122453,0.18529135709326808,0.19673563805629718,0.16033829305425037,0.22919224709365638,0.4959840925496279,0.46374507031483814,0.271947275259953,0.5409109928457211,1.0,0.47486233087707225,0.2909652021865875,0.4554312019435616,0.4315356912594168,0.2316635147068153,0.49031851073397176,0.7633881736210111,0.43607089361464524,0.27871783849823145,0.1566029610981225,0.16631885574689714,0.043200809645409025,0.10734744031477954,0.15767852081060316,0.15426316578417715,0.13155246706745888,0.1426335511833968
src_churn_open,0.10286025986045697,-0.020646094447816062,0.03617618539051452,-0.029574523553680065,0.14056799310846102,-0.011202830265052506,-0.030344460309366626,-0.015901451666384625,-0.08238413933850046,-0.035924201110061185,0.029586748862960786,0.15496406400364435,0.028301373472142666,-0.03730624387147117,-0.029737810084004505,0.021873371409355843,0.06332775291772687,0.27311157387500584,0.23361291120681604,0.20094861040424455,0.1989965068286287,0.1731830940683955,0.2649113246616383,0.9009981110593731,0.7866024129101532,0.25333651447015665,0.6411746937069657,0.47486233087707225,1.0,0.2916135762636386,0.862867109700333,0.7853927645764736,0.2291623888276463,0.6125181616375159,0.4654661314058972,0.9580231230775744,0.29743165820512557,0.29748075354160364,0.3058154362742742,0.08256704374377402,0.18028010031292574,0.22223455841690223,0.32144731917633956,0.16226353617088463,0.1463648043212362
test_churn_open,0.036998856753415334,0.051588347257791344,0.05106180356949657,-0.0004023658131024064,0.09678337547756663,0.2839537972630206,-0.035165656144651586,0.059147374652086596,-0.06263454415307804,0.046218365946902505,0.007045652409492608,0.07296934825504676,0.07923915854605328,0.21196730752198462,0.31626613816337096,0.13713218574778613,0.08287365316333822,0.20490843873197745,0.18379736862216892,0.17693066880294295,0.16680198027356222,0.15988861133471222,0.19998165637733403,0.5032057039348116,0.404936509172265,0.13944191990976812,0.4432026822996311,0.2909652021865875,0.2916135762636386,1.0,0.4837925003560348,0.4038451620562694,0.1276155223255738,0.41735272647871535,0.2732759320637537,0.28161940002255575,0.9319188586412184,0.1630351861689564,0.16656540715795523,0.04466926192324468,0.0997623174548414,0.12323102749295652,0.11290011126823393,0.33947234907845086,0.11949157878337799
churn_addition_close,0.13304128263687334,-0.018902093391874906,0.021235809271008554,-0.034999178858015394,0.14151787369929966,0.06133719773884485,-0.03660461769095277,0.005031623959592222,-0.0786134670508682,-0.024696957991597355,0.026875067150412473,0.1587665633264584,0.05167868563044198,0.022546246074624486,0.05897480012221869,0.045880742243804604,0.09361444586197681,0.34823804216967513,0.2953594148662375,0.2779933285208892,0.2727957683330759,0.24399245181557236,0.3390975459511994,0.9569479508182174,0.7056143264260143,0.20468593500217316,0.6184648967918904,0.4554312019435616,0.862867109700333,0.4837925003560348,1.0,0.7932958136246898,0.2317150062397519,0.6696319325219254,0.5556716828884289,0.9035292545364803,0.5257648652701205,0.47151367296515007,0.4581929210830949,0.21750612775244454,0.33482718357757996,0.3689482201809389,0.45165053884268896,0.32871243729483524,0.21504465781149953
churn_deletion_close,0.10292378512250817,-0.0037511804670389854,0.06071296325183036,-0.011872466146146636,0.15708129257618142,0.058157038182031114,-0.04858579691337999,0.013182795709091134,-0.09063994683470182,-0.013909993588501476,0.03318834519209891,0.15721260281943747,0.06090925638087823,0.020865246859946517,0.050924534143264005,0.048012569034280896,0.07826868845773907,0.3051567341326275,0.2639675741336977,0.23810806972754728,0.23640670808579456,0.20760429284943469,0.29705014956170667,0.7524341149968692,0.9186413443446739,0.25084014408652805,0.5683840771721647,0.4315356912594168,0.7853927645764736,0.4038451620562694,0.7932958136246898,1.0,0.2765582908735439,0.6181675805906682,0.5402569713551836,0.8275890048450961,0.4455587667435935,0.45626674453650984,0.4880128441135729,0.22490945715320404,0.3190917840486042,0.3732026002305542,0.45159619120751726,0.3111446077647448,0.1692006129887049
commits_on_files_touched_close,-0.023513547401447597,0.029682166290245973,0.19070607229371328,0.06713847103960073,0.22033640184465964,-0.0035157223979539313,-0.1019037392915764,-0.042788932145533955,-0.17169030679057762,-0.1731390027498078,0.08579686553960021,0.028601359154522457,0.08808313873374311,-0.004534951091345703,-0.007826796136015906,0.0324581623019641,0.0147545382019398,0.10914091832896244,0.10329376015044334,0.04204991218239796,0.06268781504322352,0.0289339915387035,0.1062088809543164,0.21217317862630644,0.25917371257230615,0.9384475351846375,0.34535766749516333,0.2316635147068153,0.2291623888276463,0.1276155223255738,0.2317150062397519,0.2765582908735439,1.0,0.3700516103604508,0.26288497517821685,0.2486079098079997,0.14850797122418688,0.16438118544937283,0.16648938639648317,0.28357764372750804,0.16845790826007248,0.16456061553250442,0.16687389647227951,0.1238694338113419,-0.05040102648657293
files_changed_close,0.1069900871146109,-0.023431975504214622,0.09005774893133077,-0.03047332394716816,0.15934353282283775,0.03277512744343099,-0.03804477112264853,-0.04187150953406704,-0.11648941083262349,-0.05273974569251719,0.06270611333537839,0.08005309635651724,0.017485959685497758,0.022667106761369644,0.03357511010204897,0.027775186525199908,0.029769922048984487,0.27101304357222555,0.2343961532583264,0.19154340744118542,0.2072374611542187,0.1586377769033089,0.2618446653653593,0.6294017290081826,0.5479451579361447,0.3340445491631472,0.9277898125721987,0.49031851073397176,0.6125181616375159,0.41735272647871535,0.6696319325219254,0.6181675805906682,0.3700516103604508,1.0,0.5818703131663592,0.6505939818030739,0.4584105530000431,0.36656442145632095,0.3633470732355894,0.27480450337661205,0.4159386798870981,0.36458448953950434,0.35773325934475336,0.2924232890345135,0.13484671230248313
num_commits_close,0.14736716184637888,-0.025031976129083863,-0.0021281226215960135,-0.01766924069950227,0.10423933326397213,0.042837033795293064,-0.030017358432746298,0.03101133702492875,-0.04580707039139672,-0.005062743668403986,0.021064683868248238,0.035892430828317244,0.0458263834778138,0.029371973274132733,0.033631715888274856,0.07887550041783445,0.09168327053987217,0.414240176250703,0.3440192745379819,0.3513676928056391,0.35558390550815144,0.31342588926577025,0.40755329773838256,0.49015488539398117,0.41360198099383827,0.21538179887909728,0.48526599459161657,0.7633881736210111,0.4654661314058972,0.2732759320637537,0.5556716828884289,0.5402569713551836,0.26288497517821685,0.5818703131663592,1.0,0.5304491433044501,0.33892008124733763,0.6030320618765943,0.5984677290404504,0.3476142434706098,0.5051054429256383,0.6745807578214127,0.5849280193409083,0.3789407273443477,0.28756479755637204
src_churn_close,0.12384898797375152,-0.021360248115370767,0.02411227130343527,-0.035413813191737684,0.14053562251777849,-0.006132308372068167,-0.031571334745502694,-0.014954793638543558,-0.07856909232737068,-0.042864427882631874,0.028789192040279403,0.1584406476778022,0.03207785433935505,-0.035119433726271895,-0.026820885983715344,0.019011771739365448,0.07544478290959289,0.31587997381015603,0.26922058159900614,0.24555833997905283,0.24410328097284023,0.2135981590410182,0.3069718650839376,0.8654270994506863,0.7478331888658586,0.22299246038007853,0.6035233873309913,0.43607089361464524,0.9580231230775744,0.28161940002255575,0.9035292545364803,0.8275890048450961,0.2486079098079997,0.6505939818030739,0.5304491433044501,1.0,0.3188797532279671,0.4417673683664915,0.44207908468711915,0.2109981054966284,0.31732899540437326,0.35087421645763645,0.47304653079059583,0.2333096402252306,0.18890945738257817
test_churn_close,0.057678106988446165,0.0531462322790184,0.041618193497095904,-0.0017807118710527453,0.09920149133629177,0.3044797302829116,-0.036338295548839224,0.06497573970241026,-0.06104822114039768,0.04718431593207517,0.0025269442072667833,0.07602635503017725,0.08378755608574447,0.22674390901019936,0.3321035419933176,0.15064046927011812,0.10031173469366508,0.24929144454950686,0.2234205594870291,0.2243857597432685,0.21520562871092158,0.2030287855618241,0.24343643383281668,0.49468360959324503,0.3957752128399207,0.1271200123985052,0.41926058763815066,0.27871783849823145,0.29743165820512557,0.9319188586412184,0.5257648652701205,0.4455587667435935,0.14850797122418688,0.4584105530000431,0.33892008124733763,0.3188797532279671,1.0,0.29265554484802736,0.2837240432283409,0.17198057217828117,0.24711556248873492,0.23807253735807818,0.21261143353255596,0.5482687494869347,0.16421181187184455
churn_addition_change,0.13513738955172067,-0.010489998483586754,-0.0402948594182652,-0.009712155408482172,0.06713885064723653,0.06149894625512117,-0.017584652201564816,0.04152286769777622,-0.0028579244980834312,-0.0037091234189578796,-0.006114320031419164,0.05508903040322123,0.05207763382296355,0.03257890944852561,0.04998228262914733,0.07897180827523965,0.1308704650043256,0.42853255982059196,0.358309565141502,0.37731950539025577,0.36474541135865585,0.3387510477194976,0.4201183106670519,0.31999447228913047,0.22761339594107863,0.05957527573446707,0.19279964131981803,0.1566029610981225,0.29748075354160364,0.1630351861689564,0.47151367296515007,0.45626674453650984,0.16438118544937283,0.36656442145632095,0.6030320618765943,0.4417673683664915,0.29265554484802736,1.0,0.9383020373805324,0.5284846447491915,0.7202084485397089,0.8879763975568793,0.9385186461137954,0.5963153704195786,0.3275347288123491
churn_deletion_change,0.13083008141980595,-0.014513578143078696,-0.03463593735066051,-0.008585726461108965,0.06944394150669629,0.05794576723031796,-0.01881620196765684,0.04066299599783534,-0.003675800061781694,-0.003932955615685779,-0.00267971642311289,0.0548027589498287,0.05264128521906272,0.03001545814083956,0.04632301506285555,0.07706970757047851,0.12613039364104356,0.4323876618595351,0.36067238377112093,0.3712596833556181,0.35770220307593,0.3320408464430415,0.42369699476654565,0.3248691801441949,0.24544581410629052,0.07031976290290612,0.20370298425979583,0.16631885574689714,0.3058154362742742,0.16656540715795523,0.4581929210830949,0.4880128441135729,0.16648938639648317,0.3633470732355894,0.5984677290404504,0.44207908468711915,0.2837240432283409,0.9383020373805324,1.0,0.5023152937165247,0.6850272542656198,0.8690890152558981,0.92325755005223,0.5736328156956538,0.3179390148176543
commits_on_files_touched_change,0.07258986701501205,0.02084464205065099,0.011748626441303277,0.006879738917131435,0.07793418562743203,0.04466452163429798,-0.028163543809349115,0.014083705240342108,-0.035284786503439934,-0.04046931870365763,0.006706649881731262,0.026159430014888675,0.04062864296071915,0.027949013168393134,0.03255556858984388,0.05125087189451371,0.06837586006190917,0.20637132524323407,0.18472888942626983,0.1986212443261334,0.1996581022600661,0.17706699460008926,0.20141136570273177,0.08423465767711101,0.06343116766576096,0.04936595011710218,0.05586094470643431,0.043200809645409025,0.08256704374377402,0.04466926192324468,0.21750612775244454,0.22490945715320404,0.28357764372750804,0.27480450337661205,0.3476142434706098,0.2109981054966284,0.17198057217828117,0.5284846447491915,0.5023152937165247,1.0,0.723424026837937,0.5540756277248067,0.5103426880082502,0.3853598559502575,0.18331414165332202
files_changed_change,0.12481337632801384,-0.0018695147564087512,-0.01670499575795985,-0.01444555300478803,0.06246788940612288,0.04155735941919103,-0.013025785684910602,0.012791496325182658,-0.019366520184902748,-0.022567946280964514,0.001701007545126657,0.020536343363059952,0.02636887946761072,0.028484807763931558,0.03290812220816951,0.05172163505339281,0.08372635522679192,0.3057771449346306,0.2645469492685305,0.2844940034014156,0.2834809653091055,0.2505527778720283,0.2966563407487198,0.18970612617366833,0.11155743806624373,0.015766558442214355,0.16334589518837475,0.10734744031477954,0.18028010031292574,0.0997623174548414,0.33482718357757996,0.3190917840486042,0.16845790826007248,0.4159386798870981,0.5051054429256383,0.31732899540437326,0.24711556248873492,0.7202084485397089,0.6850272542656198,0.723424026837937,1.0,0.7651126710789586,0.6884548187435792,0.5207813003220073,0.27169932548446535
num_commits_change,0.14467355279100316,-0.017309534181960663,-0.043054210676575194,-0.00487174240260847,0.06180234253559136,0.04685880128394409,-0.015899484575603567,0.044047966966195715,0.008832347670061304,-0.002492860220572316,-0.005695545176496941,0.023335938373894152,0.04766704606870429,0.027051076238005557,0.034271740098816304,0.08236890315312599,0.12162463008998502,0.43276420374240115,0.35676860449869896,0.38437229746488827,0.3725508960089818,0.34705898038289806,0.42582200052044994,0.23799199906922971,0.16087668931091367,0.05224012487847092,0.17867871194654322,0.15767852081060316,0.22223455841690223,0.12323102749295652,0.3689482201809389,0.3732026002305542,0.16456061553250442,0.36458448953950434,0.6745807578214127,0.35087421645763645,0.23807253735807818,0.8879763975568793,0.8690890152558981,0.5540756277248067,0.7651126710789586,1.0,0.8591142586680841,0.5311112553230011,0.340570941570952
src_churn_change,0.1321323840964671,-0.013737604185473151,-0.04053212653288606,-0.01228832295814406,0.06609288179372619,0.03224692253068309,-0.015292464598460995,0.03244338675387066,-0.0031075737990254333,-0.011984748891890338,-0.0035818972988930654,0.054897559147208806,0.044705148421335154,0.008156574086948401,0.015831312360647165,0.06419874153729455,0.12443758447337662,0.4197126585309234,0.3509566629395363,0.36353843860910334,0.35194869373575555,0.3253924203798,0.4111525504523157,0.31117064276091577,0.22602111926218377,0.06386995723590562,0.19360246441439832,0.15426316578417715,0.32144731917633956,0.11290011126823393,0.45165053884268896,0.45159619120751726,0.16687389647227951,0.35773325934475336,0.5849280193409083,0.47304653079059583,0.21261143353255596,0.9385186461137954,0.92325755005223,0.5103426880082502,0.6884548187435792,0.8591142586680841,1.0,0.447512128119215,0.31642675369640383
